1
000100100000001
000100100000010
000100100000011
000100100000100
000100100000101
000100100000110
000100100000111
000100100001000
000100100001001
000100100001010
000100100001011
000100100001100
000100100001101
000100100001110
000100100001111
000100100010000
000100100010001
000100100010010
000100100010011
000100100010100
000100100010101
000100100010110
000100100010111
000100100011000
000100100011001
000100100011010
000100100011011
000100100011100
000100100011101
000100100011110
000100100011111
000100100100000
000100100100001
000100100100010
000100100100011
000100100100100
000100100100101
000100100100110
000100100100111
000100100101000
000100100101001
000100100101010
000100100101011
000100100101100
000100100101101
000100100101110
000100100101111
000100100110000
000100100110001
000100100110010
000100100110011
000100100110100
000100100110101
000100100110110
000100100110111
000100100111000
000100100111001
000100100111010
000100100111011
000100100111100
000100100111101
000100100111110
000100100111111
000100101000000
000100101000001
000100101000010
000100101000011
000100101000100
000100101000101
000100101000110
000100101000111
000100101001000
000100101001001
000100101001010
000100101001011
000100101001100
000100101001101
000100101001110
000100101001111
000100101010000
000100101010001
000100101010010
000100101010011
000100101010100
000100101010101
000100101010110
000100101010111
000100101011000
000100101011001
000100101011010
000100101011011
000100101011100
000100101011101
000100101011110
000100101011111
000100101100000
000100101100001
000100101100010
000100101100011
000100101100100
000100101100101
000100101100110
000100101100111
000100101101000
000100101101001
000100101101010
000100101101011
000100101101100
000100101101101
000100101101110
000100101101111
000100101110000
000100101110001
000100101110010
000100101110011
000100101110100
000100101110101
000100101110110
000100101110111
000100101111000
000100101111001
000100101111010
000100101111011
000100101111100
000100101111101
000100101111110
000100101111111
000100110000000
000100110000001
000100110000010
000100110000011
000100110000100
000100110000101
000100110000110
000100110000111
000100110001000
000100110001001
000100110001010
000100110001011
000100110001100
000100110001101
000100110001110
000100110001111
000100110010000
000100110010001
000100110010010
000100110010011
000100110010100
000100110010101
000100110010110
000100110010111
000100110011000
000100110011001
000100110011010
000100110011011
000100110011100
000100110011101
000100110011110
000100110011111
000100110100000
000100110100001
000100110100010
000100110100011
000100110100100
000100110100101
000100110100110
000100110100111
000100110101000
000100110101001
000100110101010
000100110101011
000100110101100
000100110101101
000100110101110
000100110101111
000100110110000
000100110110001
000100110110010
000100110110011
000100110110100
000100110110101
000100110110110
000100110110111
000100110111000
000100110111001
000100110111010
000100110111011
000100110111100
000100110111101
000100110111110
000100110111111
000100111000000
000100111000001
000100111000010
000100111000011
000100111000100
000100111000101
000100111000110
000100111000111
000100111001000
000100111001001
000100111001010
000100111001011
000100111001100
000100111001101
000100111001110
000100111001111
000100111010000
000100111010001
000100111010010
000100111010011
000100111010100
000100111010101
000100111010110
000100111010111
000100111011000
000100111011001
000100111011010
000100111011011
000100111011100
000100111011101
000100111011110
000100111011111
000100111100000
000100111100001
000100111100010
000100111100011
000100111100100
000100111100101
000100111100110
000100111100111
000100111101000
000100111101001
000100111101010
000100111101011
000100111101100
000100111101101
000100111101110
000100111101111
000100111110000
000100111110001
000100111110010
000100111110011
000100111110100
000100111110101
000100111110110
000100111110111
000100111111000
000100111111001
000100111111010
000100111111011
000100111111100
000100111111101
000100111111110
000100111111111
0001010000000000
0001010000000001
0001010000000010
0001010000000011
0001010000000100
0001010000000101
0001010000000110
0001010000000111
0001010000001000
0001010000001001
0001010000001010
0001010000001011
0001010000001100
0001010000001101
0001010000001110
0001010000001111
0001010000010000
0001010000010001
0001010000010010
0001010000010011
0001010000010100
0001010000010101
0001010000010110
0001010000010111
0001010000011000
0001010000011001
0001010000011010
0001010000011011
0001010000011100
0001010000011101
0001010000011110
0001010000011111
0001010000100000
0001010000100001
0001010000100010
0001010000100011
0001010000100100
0001010000100101
0001010000100110
0001010000100111
0001010000101000
0001010000101001
0001010000101010
0001010000101011
0001010000101100
0001010000101101
0001010000101110
0001010000101111
0001010000110000
0001010000110001
0001010000110010
0001010000110011
0001010000110100
0001010000110101
0001010000110110
0001010000110111
0001010000111000
0001010000111001
0001010000111010
0001010000111011
0001010000111100
0001010000111101
0001010000111110
0001010000111111
0001010001000000
0001010001000001
0001010001000010
0001010001000011
0001010001000100
0001010001000101
0001010001000110
0001010001000111
0001010001001000
0001010001001001
0001010001001010
0001010001001011
0001010001001100
0001010001001101
0001010001001110
0001010001001111
0001010001010000
0001010001010001
0001010001010010
0001010001010011
0001010001010100
0001010001010101
0001010001010110
0001010001010111
0001010001011000
0001010001011001
0001010001011010
0001010001011011
0001010001011100
0001010001011101
0001010001011110
0001010001011111
0001010001100000
0001010001100001
0001010001100010
0001010001100011
0001010001100100
0001010001100101
0001010001100110
0001010001100111
0001010001101000
0001010001101001
0001010001101010
0001010001101011
0001010001101100
0001010001101101
0001010001101110
0001010001101111
0001010001110000
0001010001110001
0001010001110010
0001010001110011
0001010001110100
0001010001110101
0001010001110110
0001010001110111
0001010001111000
0001010001111001
0001010001111010
0001010001111011
0001010001111100
0001010001111101
0001010001111110
0001010001111111
0001010010000000
0001010010000001
0001010010000010
0001010010000011
0001010010000100
0001010010000101
0001010010000110
0001010010000111
0001010010001000
0001010010001001
0001010010001010
0001010010001011
0001010010001100
0001010010001101
0001010010001110
0001010010001111
0001010010010000
0001010010010001
0001010010010010
0001010010010011
0001010010010100
0001010010010101
0001010010010110
0001010010010111
0001010010011000
0001010010011001
0001010010011010
0001010010011011
0001010010011100
0001010010011101
0001010010011110
0001010010011111
0001010010100000
0001010010100001
0001010010100010
0001010010100011
0001010010100100
0001010010100101
0001010010100110
0001010010100111
0001010010101000
0001010010101001
0001010010101010
0001010010101011
0001010010101100
0001010010101101
0001010010101110
0001010010101111
0001010010110000
0001010010110001
0001010010110010
0001010010110011
0001010010110100
0001010010110101
0001010010110110
0001010010110111
0001010010111000
0001010010111001
0001010010111010
0001010010111011
0001010010111100
0001010010111101
0001010010111110
0001010010111111
0001010011000000
0001010011000001
0001010011000010
0001010011000011
0001010011000100
0001010011000101
0001010011000110
0001010011000111
0001010011001000
0001010011001001
0001010011001010
0001010011001011
0001010011001100
0001010011001101
0001010011001110
0001010011001111
0001010011010000
0001010011010001
0001010011010010
0001010011010011
0001010011010100
0001010011010101
0001010011010110
0001010011010111
0001010011011000
0001010011011001
0001010011011010
0001010011011011
0001010011011100
0001010011011101
0001010011011110
0001010011011111
0001010011100000
0001010011100001
0001010011100010
0001010011100011
0001010011100100
0001010011100101
0001010011100110
0001010011100111
0001010011101000
0001010011101001
0001010011101010
0001010011101011
0001010011101100
0001010011101101
0001010011101110
0001010011101111
0001010011110000
0001010011110001
0001010011110010
0001010011110011
0001010011110100
0001010011110101
0001010011110110
0001010011110111
0001010011111000
0001010011111001
0001010011111010
0001010011111011
0001010011111100
0001010011111101
0001010011111110
0001010011111111
0001010100000000
0001010100000001
0001010100000010
0001010100000011
0001010100000100
0001010100000101
0001010100000110
0001010100000111
0001010100001000
0001010100001001
0001010100001010
0001010100001011
0001010100001100
0001010100001101
0001010100001110
0001010100001111
0001010100010000
0001010100010001
0001010100010010
0001010100010011
0001010100010100
0001010100010101
0001010100010110
0001010100010111
0001010100011000
0001010100011001
0001010100011010
0001010100011011
0001010100011100
0001010100011101
0001010100011110
0001010100011111
0001010100100000
0001010100100001
0001010100100010
0001010100100011
0001010100100100
0001010100100101
0001010100100110
0001010100100111
0001010100101000
0001010100101001
0001010100101010
0001010100101011
0001010100101100
0001010100101101
0001010100101110
0001010100101111
0001010100110000
0001010100110001
0001010100110010
0001010100110011
0001010100110100
0001010100110101
0001010100110110
0001010100110111
0001010100111000
0001010100111001
0001010100111010
0001010100111011
0001010100111100
0001010100111101
0001010100111110
0001010100111111
0001010101000000
0001010101000001
0001010101000010
0001010101000011
0001010101000100
0001010101000101
0001010101000110
0001010101000111
0001010101001000
0001010101001001
0001010101001010
0001010101001011
0001010101001100
0001010101001101
0001010101001110
0001010101001111
0001010101010000
0001010101010001
0001010101010010
0001010101010011
0001010101010100
0001010101010101
0001010101010110
0001010101010111
0001010101011000
0001010101011001
0001010101011010
0001010101011011
0001010101011100
0001010101011101
0001010101011110
0001010101011111
0001010101100000
0001010101100001
0001010101100010
0001010101100011
0001010101100100
0001010101100101
0001010101100110
0001010101100111
0001010101101000
0001010101101001
0001010101101010
0001010101101011
0001010101101100
0001010101101101
0001010101101110
0001010101101111
0001010101110000
0001010101110001
0001010101110010
0001010101110011
0001010101110100
0001010101110101
0001010101110110
0001010101110111
0001010101111000
0001010101111001
0001010101111010
0001010101111011
0001010101111100
0001010101111101
0001010101111110
0001010101111111
0001010110000000
0001010110000001
0001010110000010
0001010110000011
0001010110000100
0001010110000101
0001010110000110
0001010110000111
0001010110001000
0001010110001001
0001010110001010
0001010110001011
0001010110001100
0001010110001101
0001010110001110
0001010110001111
0001010110010000
0001010110010001
0001010110010010
0001010110010011
0001010110010100
0001010110010101
0001010110010110
0001010110010111
0001010110011000
0001010110011001
0001010110011010
0001010110011011
0001010110011100
0001010110011101
0001010110011110
0001010110011111
0001010110100000
0001010110100001
0001010110100010
0001010110100011
0001010110100100
0001010110100101
0001010110100110
0001010110100111
0001010110101000
0001010110101001
0001010110101010
0001010110101011
0001010110101100
0001010110101101
0001010110101110
0001010110101111
0001010110110000
0001010110110001
0001010110110010
0001010110110011
0001010110110100
0001010110110101
0001010110110110
0001010110110111
0001010110111000
0001010110111001
0001010110111010
0001010110111011
0001010110111100
0001010110111101
0001010110111110
0001010110111111
0001010111000000
0001010111000001
0001010111000010
0001010111000011
0001010111000100
0001010111000101
0001010111000110
0001010111000111
0001010111001000
0001010111001001
0001010111001010
0001010111001011
0001010111001100
0001010111001101
0001010111001110
0001010111001111
0001010111010000
0001010111010001
0001010111010010
0001010111010011
0001010111010100
0001010111010101
0001010111010110
0001010111010111
0001010111011000
0001010111011001
0001010111011010
0001010111011011
0001010111011100
0001010111011101
0001010111011110
0001010111011111
0001010111100000
0001010111100001
0001010111100010
0001010111100011
0001010111100100
0001010111100101
0001010111100110
0001010111100111
0001010111101000
0001010111101001
0001010111101010
0001010111101011
0001010111101100
0001010111101101
0001010111101110
0001010111101111
0001010111110000
0001010111110001
0001010111110010
0001010111110011
0001010111110100
0001010111110101
0001010111110110
0001010111110111
0001010111111000
0001010111111001
0001010111111010
0001010111111011
0001010111111100
0001010111111101
0001010111111110
0001010111111111
00010110000000000
00010110000000001
00010110000000010
00010110000000011
00010110000000100
00010110000000101
00010110000000110
00010110000000111
00010110000001000
00010110000001001
00010110000001010
00010110000001011
00010110000001100
00010110000001101
00010110000001110
00010110000001111
00010110000010000
00010110000010001
00010110000010010
00010110000010011
00010110000010100
00010110000010101
00010110000010110
00010110000010111
00010110000011000
00010110000011001
00010110000011010
00010110000011011
00010110000011100
00010110000011101
00010110000011110
00010110000011111
00010110000100000
00010110000100001
00010110000100010
00010110000100011
00010110000100100
00010110000100101
00010110000100110
00010110000100111
00010110000101000
00010110000101001
00010110000101010
00010110000101011
00010110000101100
00010110000101101
00010110000101110
00010110000101111
00010110000110000
00010110000110001
00010110000110010
00010110000110011
00010110000110100
00010110000110101
00010110000110110
00010110000110111
00010110000111000
00010110000111001
00010110000111010
00010110000111011
00010110000111100
00010110000111101
00010110000111110
00010110000111111
00010110001000000
00010110001000001
00010110001000010
00010110001000011
00010110001000100
00010110001000101
00010110001000110
00010110001000111
00010110001001000
00010110001001001
00010110001001010
00010110001001011
00010110001001100
00010110001001101
00010110001001110
00010110001001111
00010110001010000
00010110001010001
00010110001010010
00010110001010011
00010110001010100
00010110001010101
00010110001010110
00010110001010111
00010110001011000
00010110001011001
00010110001011010
00010110001011011
00010110001011100
00010110001011101
00010110001011110
00010110001011111
00010110001100000
00010110001100001
00010110001100010
00010110001100011
00010110001100100
00010110001100101
00010110001100110
00010110001100111
00010110001101000
00010110001101001
00010110001101010
00010110001101011
00010110001101100
00010110001101101
00010110001101110
00010110001101111
00010110001110000
00010110001110001
00010110001110010
00010110001110011
00010110001110100
00010110001110101
00010110001110110
00010110001110111
00010110001111000
00010110001111001
00010110001111010
00010110001111011
00010110001111100
00010110001111101
00010110001111110
00010110001111111
00010110010000000
00010110010000001
00010110010000010
00010110010000011
00010110010000100
00010110010000101
00010110010000110
00010110010000111
00010110010001000
00010110010001001
00010110010001010
00010110010001011
00010110010001100
00010110010001101
00010110010001110
00010110010001111
00010110010010000
00010110010010001
00010110010010010
00010110010010011
00010110010010100
00010110010010101
00010110010010110
00010110010010111
00010110010011000
00010110010011001
00010110010011010
00010110010011011
00010110010011100
00010110010011101
00010110010011110
00010110010011111
00010110010100000
00010110010100001
00010110010100010
00010110010100011
00010110010100100
00010110010100101
00010110010100110
00010110010100111
00010110010101000
00010110010101001
00010110010101010
00010110010101011
00010110010101100
00010110010101101
00010110010101110
00010110010101111
00010110010110000
00010110010110001
00010110010110010
00010110010110011
00010110010110100
00010110010110101
00010110010110110
00010110010110111
00010110010111000
00010110010111001
00010110010111010
00010110010111011
00010110010111100
00010110010111101
00010110010111110
00010110010111111
00010110011000000
00010110011000001
00010110011000010
00010110011000011
00010110011000100
00010110011000101
00010110011000110
00010110011000111
00010110011001000
00010110011001001
00010110011001010
00010110011001011
00010110011001100
00010110011001101
00010110011001110
00010110011001111
00010110011010000
00010110011010001
00010110011010010
00010110011010011
00010110011010100
00010110011010101
00010110011010110
00010110011010111
00010110011011000
00010110011011001
00010110011011010
00010110011011011
00010110011011100
00010110011011101
00010110011011110
00010110011011111
00010110011100000
00010110011100001
00010110011100010
00010110011100011
00010110011100100
00010110011100101
00010110011100110
00010110011100111
00010110011101000
00010110011101001
00010110011101010
00010110011101011
00010110011101100
00010110011101101
00010110011101110
00010110011101111
00010110011110000
00010110011110001
00010110011110010
00010110011110011
00010110011110100
00010110011110101
00010110011110110
00010110011110111
00010110011111000
00010110011111001
00010110011111010
00010110011111011
00010110011111100
00010110011111101
00010110011111110
00010110011111111
00010110100000000
00010110100000001
00010110100000010
00010110100000011
00010110100000100
00010110100000101
00010110100000110
00010110100000111
00010110100001000
00010110100001001
00010110100001010
00010110100001011
00010110100001100
00010110100001101
00010110100001110
00010110100001111
00010110100010000
00010110100010001
00010110100010010
00010110100010011
00010110100010100
00010110100010101
00010110100010110
00010110100010111
00010110100011000
00010110100011001
00010110100011010
00010110100011011
00010110100011100
00010110100011101
00010110100011110
00010110100011111
00010110100100000
00010110100100001
00010110100100010
00010110100100011
00010110100100100
00010110100100101
00010110100100110
00010110100100111
00010110100101000
00010110100101001
00010110100101010
00010110100101011
00010110100101100
00010110100101101
00010110100101110
00010110100101111
00010110100110000
00010110100110001
00010110100110010
00010110100110011
00010110100110100
00010110100110101
00010110100110110
00010110100110111
00010110100111000
00010110100111001
00010110100111010
00010110100111011
00010110100111100
00010110100111101
00010110100111110
00010110100111111
00010110101000000
00010110101000001
00010110101000010
00010110101000011
00010110101000100
00010110101000101
00010110101000110
00010110101000111
00010110101001000
00010110101001001
00010110101001010
00010110101001011
00010110101001100
00010110101001101
00010110101001110
00010110101001111
00010110101010000
00010110101010001
00010110101010010
00010110101010011
00010110101010100
00010110101010101
00010110101010110
00010110101010111
00010110101011000
00010110101011001
00010110101011010
00010110101011011
00010110101011100
00010110101011101
00010110101011110
00010110101011111
00010110101100000
00010110101100001
00010110101100010
00010110101100011
00010110101100100
00010110101100101
00010110101100110
00010110101100111
00010110101101000
00010110101101001
00010110101101010
00010110101101011
00010110101101100
00010110101101101
00010110101101110
00010110101101111
00010110101110000
00010110101110001
00010110101110010
00010110101110011
00010110101110100
00010110101110101
00010110101110110
00010110101110111
00010110101111000
00010110101111001
00010110101111010
00010110101111011
00010110101111100
00010110101111101
00010110101111110
00010110101111111
00010110110000000
00010110110000001
00010110110000010
00010110110000011
00010110110000100
00010110110000101
00010110110000110
00010110110000111
00010110110001000
00010110110001001
00010110110001010
00010110110001011
00010110110001100
00010110110001101
00010110110001110
00010110110001111
00010110110010000
00010110110010001
00010110110010010
00010110110010011
00010110110010100
00010110110010101
00010110110010110
00010110110010111
00010110110011000
00010110110011001
00010110110011010
00010110110011011
00010110110011100
00010110110011101
00010110110011110
00010110110011111
00010110110100000
00010110110100001
00010110110100010
00010110110100011
00010110110100100
00010110110100101
00010110110100110
00010110110100111
00010110110101000
00010110110101001
00010110110101010
00010110110101011
00010110110101100
00010110110101101
00010110110101110
00010110110101111
00010110110110000
00010110110110001
00010110110110010
00010110110110011
00010110110110100
00010110110110101
00010110110110110
00010110110110111
00010110110111000
00010110110111001
00010110110111010
00010110110111011
00010110110111100
00010110110111101
00010110110111110
00010110110111111
00010110111000000
00010110111000001
00010110111000010
00010110111000011
00010110111000100
00010110111000101
00010110111000110
00010110111000111
00010110111001000
00010110111001001
00010110111001010
00010110111001011
00010110111001100
00010110111001101
00010110111001110
00010110111001111
00010110111010000
00010110111010001
00010110111010010
00010110111010011
00010110111010100
00010110111010101
00010110111010110
00010110111010111
00010110111011000
00010110111011001
00010110111011010
00010110111011011
00010110111011100
00010110111011101
00010110111011110
00010110111011111
00010110111100000
00010110111100001
00010110111100010
00010110111100011
00010110111100100
00010110111100101
00010110111100110
00010110111100111
00010110111101000
00010110111101001
00010110111101010
00010110111101011
00010110111101100
00010110111101101
00010110111101110
00010110111101111
00010110111110000
00010110111110001
00010110111110010
00010110111110011
00010110111110100
00010110111110101
00010110111110110
00010110111110111
00010110111111000
00010110111111001
00010110111111010
00010110111111011
00010110111111100
00010110111111101
00010110111111110
00010110111111111
00010111000000000
00010111000000001
00010111000000010
00010111000000011
00010111000000100
00010111000000101
00010111000000110
00010111000000111
00010111000001000
00010111000001001
00010111000001010
00010111000001011
00010111000001100
00010111000001101
00010111000001110
00010111000001111
00010111000010000
00010111000010001
00010111000010010
00010111000010011
00010111000010100
00010111000010101
00010111000010110
00010111000010111
00010111000011000
00010111000011001
00010111000011010
00010111000011011
00010111000011100
00010111000011101
00010111000011110
00010111000011111
00010111000100000
00010111000100001
00010111000100010
00010111000100011
00010111000100100
00010111000100101
00010111000100110
00010111000100111
00010111000101000
00010111000101001
00010111000101010
00010111000101011
00010111000101100
00010111000101101
00010111000101110
00010111000101111
00010111000110000
00010111000110001
00010111000110010
00010111000110011
00010111000110100
00010111000110101
00010111000110110
00010111000110111
00010111000111000
00010111000111001
00010111000111010
00010111000111011
00010111000111100
00010111000111101
00010111000111110
00010111000111111
00010111001000000
00010111001000001
00010111001000010
00010111001000011
00010111001000100
00010111001000101
00010111001000110
00010111001000111
00010111001001000
00010111001001001
00010111001001010
00010111001001011
00010111001001100
00010111001001101
00010111001001110
00010111001001111
00010111001010000
00010111001010001
00010111001010010
00010111001010011
00010111001010100
00010111001010101
00010111001010110
00010111001010111
00010111001011000
00010111001011001
00010111001011010
00010111001011011
00010111001011100
00010111001011101
00010111001011110
00010111001011111
00010111001100000
00010111001100001
00010111001100010
00010111001100011
00010111001100100
00010111001100101
00010111001100110
00010111001100111
00010111001101000
00010111001101001
00010111001101010
00010111001101011
00010111001101100
00010111001101101
00010111001101110
00010111001101111
00010111001110000
00010111001110001
00010111001110010
00010111001110011
00010111001110100
00010111001110101
00010111001110110
00010111001110111
00010111001111000
00010111001111001
00010111001111010
00010111001111011
00010111001111100
00010111001111101
00010111001111110
00010111001111111
00010111010000000
00010111010000001
00010111010000010
00010111010000011
00010111010000100
00010111010000101
00010111010000110
00010111010000111
00010111010001000
00010111010001001
00010111010001010
00010111010001011
00010111010001100
00010111010001101
00010111010001110
00010111010001111
00010111010010000
00010111010010001
00010111010010010
00010111010010011
00010111010010100
00010111010010101
00010111010010110
00010111010010111
00010111010011000
00010111010011001
00010111010011010
00010111010011011
00010111010011100
00010111010011101
00010111010011110
00010111010011111
00010111010100000
00010111010100001
00010111010100010
00010111010100011
00010111010100100
00010111010100101
00010111010100110
00010110010110011